
0
10
35
67
97
117
123
112
85
45
0
45
85
112
123
117
97
67
35
10
0
-10
-35
-67
-97
-117
-123
-112
-85
-45
0
-45
-85
-112
-123
-117
-97
-67
-35
-10
0
-10
-35
-67
-97
-117
-123
-112
-85
-45
0
-45
-85
-112
-123
-117
-97
-67
-35
-10
0
10
35
67
97
117
123
112
85
45
0
45
85
112
123
117
97
67
35
10
0
0
0
0
0
0
0
0
0
0
0
0
0
0
0
0
0
0
0
0

45
54
75
101
124
137
136
120
88
46
0
46
88
119
135
135
120
96
68
45
35
24
-3
-39
-74
-99
-111
-104
-81
-45
0
-47
-90
-123
-141
-143
-130
-107
-79
-56
-45
-55
-77
-103
-124
-135
-131
-112
-79
-36
10
-33
-68
-90
-95
-83
-58
-24
9
36
45
56
79
107
130
143
141
123
90
47
0
44
79
100
103
89
60
23
-14
-44
-56
-54
-47
-37
-24
-10
3
16
26
33
35
35
35
35
35
35
35
35
35
35

85
89
104
124
141
149
143
123
89
47
0
47
89
122
140
142
129
107
80
58
49
37
8
-28
-65
-93
-106
-102
-80
-44
0
-49
-96
-136
-162
-171
-165
-146
-121
-97
-85
-96
-114
-132
-143
-142
-126
-96
-56
-9
35
-3
-32
-48
-49
-34
-8
24
56
79
85
97
121
146
165
171
162
136
96
49
0
42
73
87
81
57
18
-28
-73
-107
-121
-117
-104
-86
-62
-35
-9
14
32
45
49
49
49
49
49
49
49
49
49
49

112
110
119
133
145
149
141
121
88
46
0
47
89
121
138
139
126
103
76
53
44
32
4
-32
-68
-95
-108
-103
-81
-44
0
-50
-103
-149
-182
-198
-196
-180
-155
-129
-112
-125
-141
-152
-152
-139
-112
-72
-24
24
67
34
11
2
5
20
44
72
96
112
112
129
155
180
196
198
182
149
103
50
0
41
68
75
61
27
-20
-75
-126
-165
-180
-174
-158
-133
-102
-67
-33
-2
22
38
44
44
44
44
44
44
44
44
44
44

123
114
118
127
135
138
132
114
84
45
0
46
87
117
132
130
114
88
59
35
25
14
-12
-47
-80
-104
-114
-106
-82
-45
0
-52
-109
-161
-199
-220
-221
-204
-177
-146
-123
-140
-155
-161
-153
-130
-93
-44
8
58
97
71
56
53
59
74
93
112
126
131
123
146
177
204
221
220
199
161
109
52
0
40
64
66
46
7
-46
-107
-163
-205
-221
-214
-197
-170
-135
-97
-59
-25
2
19
25
25
25
25
25
25
25
25
25
25

117
102
99
105
113
117
115
102
78
43
0
45
85
112
123
117
97
67
35
10
0
-10
-35
-67
-97
-117
-123
-112
-85
-45
0
-54
-114
-170
-212
-235
-236
-217
-185
-148
-117
-140
-155
-159
-146
-117
-74
-20
34
83
117
99
93
95
104
117
130
139
142
135
117
148
185
217
236
235
212
170
114
54
0
40
62
63
41
0
-56
-119
-177
-219
-235
-229
-213
-187
-154
-117
-81
-48
-22
-5
0
0
0
0
0
0
0
0
0
0

97
75
68
72
80
89
93
87
71
41
0
45
82
106
114
104
80
47
12
-14
-25
-35
-59
-88
-114
-130
-132
-117
-87
-46
0
-55
-118
-176
-221
-243
-242
-218
-180
-135
-97
-125
-144
-149
-135
-104
-59
-5
49
95
123
113
115
123
135
146
153
152
143
124
97
135
180
218
242
243
221
176
118
55
0
40
64
66
46
7
-46
-107
-163
-205
-221
-216
-202
-180
-153
-123
-93
-65
-44
-30
-25
-25
-25
-25
-25
-25
-25
-25
-25
-25

67
40
29
32
44
58
69
72
63
39
0
44
81
103
108
95
68
32
-4
-32
-44
-53
-76
-103
-126
-139
-138
-121
-89
-47
0
-55
-120
-180
-224
-245
-240
-211
-165
-113
-67
-102
-125
-133
-123
-95
-53
-2
48
90
112
109
118
133
149
159
161
152
132
103
67
113
165
211
240
245
224
180
120
55
0
41
68
75
61
27
-20
-75
-126
-165
-180
-176
-167
-152
-133
-112
-91
-72
-57
-47
-44
-44
-44
-44
-44
-44
-44
-44
-44
-44

35
3
-8
-4
9
29
47
58
56
37
0
44
80
102
106
93
65
28
-8
-37
-49
-58
-80
-107
-129
-142
-140
-122
-89
-47
0
-56
-121
-181
-224
-242
-232
-198
-145
-87
-35
-75
-104
-118
-115
-93
-56
-11
32
68
85
89
104
125
144
155
155
141
114
77
35
87
145
198
232
242
224
181
121
56
0
42
73
87
81
57
18
-28
-73
-107
-121
-119
-114
-106
-96
-85
-74
-64
-56
-51
-49
-49
-49
-49
-49
-49
-49
-49
-49
-49

10
-24
-37
-33
-15
8
31
48
51
36
0
45
81
104
111
99
74
39
3
-24
-35
-45
-68
-96
-120
-135
-135
-119
-88
-46
0
-56
-121
-180
-222
-237
-224
-185
-128
-65
-10
-54
-89
-109
-113
-99
-71
-34
3
33
45
54
75
102
125
140
140
125
96
55
10
65
128
185
224
237
222
180
121
56
0
44
79
100
103
89
60
23
-14
-44
-56
-55
-54
-52
-49
-45
-42
-39
-37
-36
-35
-35
-35
-35
-35
-35
-35
-35
-35
-35

0
-35
-49
-44
-25
0
25
44
49
35
0
45
85
112
123
117
97
67
35
10
0
-10
-35
-67
-97
-117
-123
-112
-85
-45
0
-56
-121
-180
-221
-235
-221
-180
-121
-56
0
-45
-85
-112
-123
-117
-97
-67
-35
-10
0
10
35
67
97
117
123
112
85
45
0
56
121
180
221
235
221
180
121
56
0
45
85
112
123
117
97
67
35
10
0
0
0
0
0
0
0
0
0
0
0
0
0
0
0
0
0
0
0
0

0
-33
-45
-38
-19
5
30
47
51
36
0
44
79
101
105
91
64
28
-7
-35
-45
-55
-77
-103
-124
-135
-131
-112
-79
-36
10
-44
-107
-165
-205
-219
-205
-165
-107
-44
10
-33
-68
-89
-94
-81
-54
-19
16
45
56
65
86
112
134
145
142
123
90
47
0
55
119
176
216
229
214
174
117
54
0
42
77
98
103
91
65
30
-5
-33
-45
-44
-42
-41
-40
-40
-40
-41
-42
-44
-45
-45
-44
-44
-45
-45
-46
-47
-47
-46

0
-26
-32
-22
-2
22
44
57
56
37
0
42
73
88
84
63
30
-10
-49
-77
-85
-96
-114
-132
-143
-142
-126
-96
-56
-9
35
-14
-73
-126
-163
-177
-163
-126
-73
-14
35
-3
-32
-47
-46
-27
3
42
80
109
121
128
145
164
177
178
165
137
96
48
0
54
114
167
202
213
197
158
104
47
0
36
64
79
79
63
35
-1
-39
-70
-85
-79
-73
-68
-64
-62
-64
-68
-73
-79
-85
-81
-80
-81
-82
-85
-87
-89
-89
-88

0
-16
-14
2
25
48
65
72
64
39
0
41
67
75
64
37
-1
-44
-83
-108
-112
-125
-141
-152
-152
-139
-112
-72
-24
24
67
23
-28
-75
-107
-119
-107
-75
-28
23
67
34
11
2
8
30
63
103
140
169
180
186
198
211
215
207
185
149
102
50
0
52
106
152
180
187
170
133
86
37
0
26
46
56
53
37
9
-26
-62
-93
-112
-100
-87
-75
-66
-63
-66
-75
-87
-100
-112
-104
-102
-103
-106
-112
-117
-121
-122
-119

0
-3
9
33
59
81
93
91
74
42
0
39
61
63
46
15
-25
-68
-105
-125
-123
-140
-155
-161
-153
-130
-93
-44
8
58
97
60
18
-20
-46
-56
-46
-20
18
60
97
70
53
49
59
82
114
151
185
211
221
225
235
243
242
228
199
157
106
51
0
49
96
133
153
154
135
102
62
24
0
14
26
32
29
15
-7
-38
-71
-101
-123
-103
-81
-61
-46
-41
-46
-61
-81
-103
-123
-111
-106
-108
-114
-123
-132
-138
-140
-135

0
10
35
67
97
117
123
112
85
45
0
37
55
53
33
0
-41
-81
-113
-127
-117
-140
-155
-159
-146
-117
-74
-20
34
83
117
89
57
27
7
0
7
27
57
89
117
97
86
85
96
117
146
177
206
227
235
240
249
254
251
235
204
160
107
51
0
45
85
112
123
117
97
67
35
10
0
2
6
9
8
0
-15
-37
-63
-91
-117
-89
-57
-27
-7
0
-7
-27
-57
-89
-117
-99
-93
-95
-104
-117
-130
-139
-142
-135

0
24
62
102
135
154
153
133
96
49
0
36
52
47
25
-8
-46
-83
-108
-114
-97
-125
-144
-149
-135
-104
-59
-5
49
95
123
103
81
61
46
41
46
61
81
103
123
109
103
104
114
131
153
177
199
215
221
225
235
243
242
228
199
157
106
51
0
42
74
91
93
81
59
33
9
-3
0
-9
-12
-10
-7
-8
-13
-25
-43
-68
-97
-60
-18
20
46
56
46
20
-18
-60
-97
-74
-65
-68
-80
-97
-114
-126
-129
-120

0
37
86
133
170
187
180
152
106
52
0
36
50
44
22
-9
-44
-75
-93
-92
-67
-102
-125
-133
-123
-95
-53
-2
48
90
112
100
87
75
66
63
66
75
87
100
112
104
101
103
110
121
136
152
166
176
180
186
198
211
215
207
185
149
102
50
0
39
64
72
65
48
25
2
-14
-16
0
-20
-28
-26
-18
-9
-3
-4
-14
-35
-67
-23
28
75
107
119
107
75
28
-23
-67
-39
-28
-32
-47
-67
-88
-103
-107
-96

0
47
104
158
197
213
202
167
114
54
0
35
49
43
22
-6
-37
-62
-73
-66
-35
-75
-104
-118
-115
-93
-56
-11
32
68
85
79
73
68
64
62
64
68
73
79
85
81
80
81
85
91
99
107
114
119
121
128
145
164
177
178
165
137
96
48
0
37
56
57
44
22
-2
-22
-32
-26
0
-28
-39
-36
-23
-6
8
17
15
-1
-35
14
73
126
163
177
163
126
73
14
-35
-3
8
4
-12
-35
-59
-76
-80
-68

0
54
117
174
214
229
216
176
119
55
0
35
49
43
24
-2
-29
-49
-56
-44
-10
-54
-89
-109
-113
-99
-71
-34
3
33
45
44
42
41
40
40
40
41
42
44
45
45
44
45
46
48
50
52
54
55
56
65
86
112
134
145
142
123
90
47
0
36
51
47
30
5
-19
-38
-45
-33
0
-33
-46
-42
-25
-2
20
36
39
24
-10
44
107
165
205
219
205
165
107
44
-10
24
37
32
14
-10
-35
-53
-58
-45

0
56
121
180
221
235
221
180
121
56
0
35
49
44
25
0
-25
-44
-49
-35
0
-45
-85
-112
-123
-117
-97
-67
-35
-10
0
0
0
0
0
0
0
0
0
0
0
0
0
0
0
0
0
0
0
0
0
10
35
67
97
117
123
112
85
45
0
35
49
44
25
0
-25
-44
-49
-35
0
-35
-49
-44
-25
0
25
44
49
35
0
56
121
180
221
235
221
180
121
56
0
35
49
44
25
0
-25
-44
-49
-35

0
53
115
170
209
221
206
165
107
44
-10
24
39
36
20
-2
-25
-42
-46
-33
0
-42
-77
-98
-103
-91
-65
-30
5
33
45
45
44
45
46
48
50
52
54
55
56
56
56
55
55
54
52
50
49
47
45
56
79
107
131
145
145
128
97
56
10
45
58
53
35
10
-14
-32
-37
-24
10
-24
-37
-33
-15
8
31
48
51
36
0
56
121
180
222
237
224
185
128
65
10
44
56
49
28
0
-28
-49
-56
-44

0
45
98
144
175
183
167
127
73
14
-35
-1
15
17
8
-6
-23
-36
-39
-28
0
-36
-64
-79
-79
-63
-35
1
39
70
85
81
80
81
85
91
99
107
114
119
121
121
121
120
118
114
109
103
96
90
85
97
121
147
168
178
173
154
121
79
35
68
80
76
59
35
12
-4
-8
3
35
3
-8
-4
9
29
47
58
56
37
0
56
121
181
224
242
232
198
145
87
35
66
73
61
34
0
-34
-61
-73
-66

0
33
72
105
126
128
110
75
27
-23
-67
-35
-14
-4
-3
-9
-18
-26
-28
-20
0
-26
-46
-56
-53
-37
-9
26
62
93
112
104
101
103
110
121
136
152
166
176
180
180
181
180
176
170
161
149
136
123
112
128
154
180
199
207
201
180
147
107
67
96
107
103
88
67
47
32
28
39
67
40
29
32
44
58
69
72
63
39
0
55
120
180
224
245
240
211
165
113
67
92
94
75
41
0
-41
-75
-94
-92

0
18
40
59
68
64
46
16
-21
-61
-97
-68
-43
-25
-13
-8
-7
-10
-12
-9
0
-14
-26
-32
-29
-15
7
38
71
101
123
109
103
104
114
131
153
177
199
215
221
222
224
224
221
212
199
182
162
141
123
145
173
201
221
228
221
199
168
131
97
120
129
126
114
97
80
68
65
74
97
75
68
72
80
89
93
87
71
41
0
55
118
176
221
243
242
218
180
135
97
116
111
86
46
0
-46
-86
-111
-116

0
2
6
9
8
0
-15
-37
-63
-91
-117
-91
-63
-37
-15
0
8
9
6
2
0
-2
-6
-9
-8
0
15
37
63
91
117
97
86
85
96
117
146
177
206
227
235
237
242
245
243
235
220
198
171
143
117
145
178
207
228
235
228
207
178
145
117
135
142
139
130
117
104
95
93
99
117
102
99
105
113
117
115
102
78
43
0
54
114
170
212
235
236
217
185
148
117
129
119
91
49
0
-49
-91
-119
-129

0
-13
-25
-36
-46
-57
-68
-80
-93
-107
-123
-101
-71
-38
-7
15
29
32
26
14
0
9
12
10
7
8
13
25
43
68
97
70
53
49
59
82
114
151
185
211
221
224
232
240
242
236
221
196
165
130
97
131
168
199
221
228
221
201
173
145
123
135
140
138
132
123
114
108
106
111
123
114
118
127
135
138
132
114
84
45
0
52
109
161
199
220
221
204
177
146
123
129
116
87
46
0
-46
-87
-116
-129

0
-27
-53
-75
-91
-101
-105
-105
-105
-106
-112
-93
-62
-26
9
37
53
56
46
26
0
20
28
26
18
9
3
4
14
35
67
34
11
2
8
30
63
103
140
169
180
185
198
211
218
217
204
180
146
107
67
107
147
180
201
207
199
180
154
128
112
119
122
121
117
112
106
103
102
104
112
110
119
133
145
149
141
121
88
46
0
50
103
149
182
198
196
180
155
129
112
114
100
75
39
0
-39
-75
-100
-114

0
-38
-73
-101
-119
-126
-123
-111
-98
-87
-85
-70
-39
-1
35
63
79
79
64
36
0
28
39
36
23
6
-8
-17
-15
1
35
-3
-32
-47
-46
-27
3
42
80
109
121
128
145
165
180
185
177
155
121
79
35
79
121
154
173
178
168
147
121
97
85
88
89
89
87
85
82
81
80
81
85
89
104
124
141
149
143
123
89
47
0
49
96
136
162
171
165
146
121
97
85
84
73
54
28
0
-28
-54
-73
-84

0
-44
-84
-114
-130
-132
-119
-98
-73
-53
-45
-33
-5
30
65
91
103
98
77
42
0
33
46
42
25
2
-20
-36
-39
-24
10
-33
-68
-89
-94
-81
-54
-19
16
45
56
65
87
113
135
148
146
129
97
56
10
56
97
128
145
145
131
107
79
56
45
46
47
47
46
45
45
44
44
45
45
54
75
101
124
137
136
120
88
46
0
47
90
123
141
143
130
107
79
56
45
44
38
28
14
0
-14
-28
-38
-44

0
-45
-85
-112
-123
-117
-97
-67
-35
-10
0
10
35
67
97
117
123
112
85
45
0
35
49
44
25
0
-25
-44
-49
-35
0
-45
-85
-112
-123
-117
-97
-67
-35
-10
0
10
35
67
97
117
123
112
85
45
0
45
85
112
123
117
97
67
35
10
0
0
0
0
0
0
0
0
0
0
0
10
35
67
97
117
123
112
85
45
0
45
85
112
123
117
97
67
35
10
0
0
0
0
0
0
0
0
0
0

-10
-56
-97
-128
-145
-145
-131
-107
-79
-56
-45
-36
-9
24
58
83
95
90
68
33
-10
24
39
37
21
0
-21
-37
-39
-24
10
-33
-68
-90
-95
-83
-58
-24
9
36
45
55
77
103
125
137
135
117
86
45
0
45
86
117
135
137
125
103
77
55
45
47
49
50
52
54
55
55
56
56
56
64
85
109
129
140
136
118
86
45
0
45
86
118
136
140
129
109
85
64
56
54
47
37
24
10
-3
-16
-26
-33

-35
-79
-121
-154
-173
-178
-168
-147
-121
-97
-85
-79
-56
-24
8
34
49
48
32
3
-35
-2
15
18
12
0
-12
-18
-15
2
35
-3
-32
-48
-49
-34
-8
24
56
79
85
95
114
133
146
149
138
114
80
40
0
40
80
114
138
149
146
133
114
95
85
90
96
103
109
114
118
120
121
121
121
126
138
151
158
155
141
115
80
40
0
40
80
115
141
155
158
151
138
126
121
117
104
86
62
35
9
-14
-32
-45

-67
-107
-147
-180
-201
-207
-199
-180
-154
-128
-112
-112
-96
-72
-44
-20
-5
-2
-11
-34
-67
-36
-15
-4
0
0
0
4
15
36
67
34
11
2
5
20
44
72
96
112
112
125
140
152
156
149
131
103
68
31
0
31
68
103
131
149
156
152
140
125
112
123
136
149
161
170
176
180
181
180
180
181
184
183
175
159
134
103
67
31
0
31
67
103
134
159
175
183
184
181
180
174
158
133
102
67
33
2
-22
-38

-97
-131
-168
-199
-221
-228
-221
-201
-173
-145
-123
-131
-126
-112
-93
-74
-59
-53
-56
-71
-97
-69
-46
-28
-13
0
13
28
46
69
97
71
56
53
59
74
93
112
126
131
123
139
152
157
153
138
114
83
50
20
0
20
50
83
114
138
153
157
152
139
123
141
162
182
199
212
221
224
224
222
221
218
211
196
174
146
114
80
47
19
0
19
47
80
114
146
174
196
211
218
221
214
197
170
135
97
59
25
-2
-19

-117
-145
-178
-207
-228
-235
-228
-207
-178
-145
-117
-135
-142
-139
-130
-117
-104
-95
-93
-99
-117
-94
-70
-47
-23
0
23
47
70
94
117
99
93
95
104
117
130
139
142
135
117
137
149
149
138
117
89
58
29
8
0
8
29
58
89
117
138
149
149
137
117
143
171
198
220
235
243
245
242
237
235
229
213
187
154
117
81
48
22
5
0
5
22
48
81
117
154
187
213
229
235
229
213
187
154
117
81
48
22
5

-123
-145
-173
-201
-221
-228
-221
-199
-168
-131
-97
-124
-143
-152
-153
-146
-135
-123
-115
-113
-123
-105
-82
-57
-29
0
29
57
82
105
123
113
115
123
135
146
153
152
143
124
97
122
133
129
114
89
59
29
6
-5
0
-5
6
29
59
89
114
129
133
122
97
130
165
196
221
236
242
240
232
224
221
212
188
154
114
74
38
10
-5
-8
0
-8
-5
10
38
74
114
154
188
212
221
216
202
180
153
123
93
65
44
30

-112
-128
-154
-180
-199
-207
-201
-180
-147
-107
-67
-103
-132
-152
-161
-159
-149
-133
-118
-109
-112
-99
-80
-56
-29
0
29
56
80
99
112
109
118
133
149
159
161
152
132
103
67
96
107
103
85
58
28
2
-15
-17
0
-17
-15
2
28
58
85
103
107
96
67
107
146
180
204
217
218
211
198
185
180
169
141
103
60
20
-10
-28
-32
-22
0
-22
-32
-28
-10
20
60
103
141
169
180
176
167
152
133
112
91
72
57
47

-85
-97
-121
-147
-168
-178
-173
-154
-121
-79
-35
-77
-114
-141
-155
-155
-144
-125
-104
-89
-85
-77
-64
-45
-23
0
23
45
64
77
85
89
104
125
144
155
155
141
114
77
35
68
80
75
56
29
0
-21
-32
-26
0
-26
-32
-21
0
29
56
75
80
68
35
79
121
155
177
185
180
165
145
128
121
109
80
41
0
-34
-57
-65
-57
-34
0
-34
-57
-65
-57
-34
0
41
80
109
121
119
114
106
96
85
74
64
56
51

-45
-56
-79
-107
-131
-145
-145
-128
-97
-56
-10
-55
-96
-125
-140
-140
-125
-102
-75
-54
-45
-42
-35
-25
-13
0
13
25
35
42
45
54
75
102
125
140
140
125
96
55
10
45
58
53
34
8
-18
-38
-44
-33
0
-33
-44
-38
-18
8
34
53
58
45
10
56
97
129
146
148
135
113
87
65
56
45
16
-19
-56
-83
-97
-95
-75
-42
0
-42
-75
-95
-97
-83
-56
-19
16
45
56
55
54
52
49
45
42
39
37
36

0
-10
-35
-67
-97
-117
-123
-112
-85
-45
0
-45
-85
-112
-123
-117
-97
-67
-35
-10
0
0
0
0
0
0
0
0
0
0
0
10
35
67
97
117
123
112
85
45
0
35
49
44
25
0
-25
-44
-49
-35
0
-35
-49
-44
-25
0
25
44
49
35
0
45
85
112
123
117
97
67
35
10
0
-10
-35
-67
-97
-117
-123
-112
-85
-45
0
-45
-85
-112
-123
-117
-97
-67
-35
-10
0
0
0
0
0
0
0
0
0
0

-45
-56
-79
-107
-130
-143
-141
-123
-90
-47
0
-46
-88
-120
-136
-137
-124
-101
-75
-54
-45
-42
-34
-22
-8
5
19
31
40
45
45
55
77
103
124
135
131
112
79
36
-10
24
37
33
15
-8
-31
-48
-51
-36
0
-36
-51
-48
-31
-8
15
33
37
24
-10
35
77
109
127
129
118
97
73
53
45
33
5
-30
-64
-89
-100
-93
-70
-33
10
-33
-70
-93
-101
-91
-68
-35
-1
24
35
35
35
35
35
35
35
35
35
35

-85
-97
-121
-146
-165
-171
-162
-136
-96
-49
0
-47
-89
-123
-143
-149
-141
-124
-104
-89
-85
-75
-57
-32
-5
22
47
67
80
86
85
96
114
132
143
142
126
96
56
9
-35
-3
8
4
-9
-29
-47
-58
-56
-37
0
-37
-56
-58
-47
-29
-9
4
8
-3
-35
7
49
84
108
119
119
111
98
87
85
70
39
2
-31
-57
-67
-61
-39
-5
35
-5
-39
-62
-71
-63
-43
-14
15
39
49
49
49
49
49
49
49
49
49
49

-112
-129
-155
-180
-196
-198
-182
-149
-103
-50
0
-46
-88
-121
-141
-149
-145
-133
-119
-110
-112
-95
-65
-28
10
48
80
103
115
118
112
125
141
152
152
139
112
72
24
-24
-67
-40
-29
-32
-44
-58
-69
-72
-63
-39
0
-39
-63
-72
-69
-58
-44
-32
-29
-40
-67
-29
9
44
72
91
102
105
106
106
112
93
61
26
-6
-27
-34
-26
-2
30
67
30
-1
-26
-38
-37
-25
-4
17
36
44
44
44
44
44
44
44
44
44
44

-123
-146
-177
-204
-221
-220
-199
-161
-109
-52
0
-45
-84
-114
-132
-138
-135
-127
-118
-114
-123
-97
-57
-10
38
81
114
134
141
136
123
140
155
161
153
130
93
44
-8
-58
-97
-75
-68
-72
-80
-89
-93
-87
-71
-41
0
-41
-71
-87
-93
-89
-80
-72
-68
-75
-97
-65
-33
-2
25
49
68
83
96
108
123
100
67
34
7
-7
-7
6
31
64
97
65
35
9
-7
-15
-13
-3
8
20
25
25
25
25
25
25
25
25
25
25

-117
-148
-185
-217
-236
-235
-212
-170
-114
-54
0
-43
-78
-102
-115
-117
-113
-105
-99
-102
-117
-83
-34
20
74
117
146
159
155
140
117
140
155
159
146
117
74
20
-34
-83
-117
-102
-99
-105
-113
-117
-115
-102
-78
-43
0
-43
-78
-102
-115
-117
-113
-105
-99
-102
-117
-94
-70
-47
-23
0
23
47
70
94
117
89
57
27
7
0
7
27
57
89
117
91
63
37
15
0
-8
-9
-6
-2
0
0
0
0
0
0
0
0
0
0

-97
-135
-180
-218
-242
-243
-221
-176
-118
-55
0
-41
-71
-87
-93
-89
-80
-72
-68
-75
-97
-56
0
60
114
154
174
175
158
129
97
125
144
149
135
104
59
5
-49
-95
-123
-114
-118
-127
-135
-138
-132
-114
-84
-45
0
-45
-84
-114
-132
-138
-135
-127
-118
-114
-123
-108
-96
-83
-68
-49
-25
2
33
65
97
64
31
6
-7
-7
7
34
67
100
123
103
79
53
29
8
-7
-18
-23
-25
-25
-25
-25
-25
-25
-25
-25
-25
-25
-25

-67
-113
-165
-211
-240
-245
-224
-180
-120
-55
0
-39
-63
-72
-69
-58
-44
-32
-29
-40
-67
-19
41
103
154
187
196
183
151
109
67
102
125
133
123
95
53
2
-48
-90
-112
-110
-119
-133
-145
-149
-141
-121
-88
-46
0
-46
-88
-121
-141
-149
-145
-133
-119
-110
-112
-106
-106
-105
-102
-91
-72
-44
-9
29
67
30
-2
-26
-34
-27
-6
26
61
93
112
98
79
56
32
9
-10
-26
-36
-42
-44
-44
-44
-44
-44
-44
-44
-44
-44
-44

-35
-87
-145
-198
-232
-242
-224
-181
-121
-56
0
-37
-56
-58
-47
-29
-9
4
8
-3
-35
16
80
141
188
213
211
184
138
85
35
75
104
118
115
93
56
11
-32
-68
-85
-89
-104
-124
-141
-149
-143
-123
-89
-47
0
-47
-89
-123
-143
-149
-141
-124
-104
-89
-85
-87
-98
-111
-119
-119
-108
-84
-49
-7
35
-5
-39
-61
-67
-57
-31
2
39
70
85
77
64
46
26
6
-12
-28
-39
-46
-49
-49
-49
-49
-49
-49
-49
-49
-49
-49

-10
-65
-128
-185
-224
-237
-222
-180
-121
-56
0
-36
-51
-48
-31
-8
15
33
37
24
-10
45
109
169
212
229
218
181
126
64
10
54
89
109
113
99
71
34
-3
-33
-45
-54
-75
-101
-124
-137
-136
-120
-88
-46
0
-46
-88
-120
-136
-137
-124
-101
-75
-54
-45
-53
-73
-97
-118
-129
-127
-109
-77
-35
10
-33
-70
-93
-100
-89
-64
-30
5
33
45
42
36
26
14
2
-9
-20
-28
-33
-35
-35
-35
-35
-35
-35
-35
-35
-35
-35

0
-56
-121
-180
-221
-235
-221
-180
-121
-56
0
-35
-49
-44
-25
0
25
44
49
35
0
56
121
180
221
235
221
180
121
56
0
45
85
112
123
117
97
67
35
10
0
-10
-35
-67
-97
-117
-123
-112
-85
-45
0
-45
-85
-112
-123
-117
-97
-67
-35
-10
0
-10
-35
-67
-97
-117
-123
-112
-85
-45
0
-45
-85
-112
-123
-117
-97
-67
-35
-10
0
0
0
0
0
0
0
0
0
0
0
0
0
0
0
0
0
0
0
0

0
-55
-119
-176
-215
-227
-211
-169
-109
-45
10
-24
-39
-37
-21
0
21
37
39
24
-10
45
109
169
211
227
215
176
119
55
0
44
79
101
105
91
64
28
-7
-35
-45
-55
-77
-103
-125
-137
-135
-117
-86
-45
0
-44
-84
-114
-130
-132
-119
-98
-73
-53
-45
-53
-73
-97
-118
-129
-127
-109
-77
-35
10
-33
-68
-89
-94
-81
-54
-19
16
45
56
53
45
33
17
0
-17
-33
-45
-53
-56
-56
-56
-55
-55
-54
-52
-50
-49
-47

0
-54
-114
-166
-199
-206
-185
-140
-80
-16
35
2
-15
-18
-12
0
12
18
15
-2
-35
16
80
140
185
206
199
166
114
54
0
42
73
88
84
63
30
-10
-49
-77
-85
-95
-114
-133
-146
-149
-138
-114
-80
-40
0
-38
-73
-101
-119
-126
-123
-111
-98
-87
-85
-87
-98
-111
-119
-119
-108
-84
-49
-7
35
-3
-32
-47
-46
-27
3
42
80
109
121
115
98
71
37
0
-37
-71
-98
-115
-121
-121
-121
-120
-118
-114
-109
-103
-96
-90

0
-52
-107
-152
-177
-177
-151
-103
-42
19
67
36
15
4
0
0
0
-4
-15
-36
-67
-19
42
103
151
177
177
152
107
52
0
41
67
75
64
37
-1
-44
-83
-108
-112
-125
-140
-152
-156
-149
-131
-103
-68
-31
0
-27
-53
-75
-91
-101
-105
-105
-105
-106
-112
-106
-106
-105
-102
-91
-72
-44
-9
29
67
34
11
2
8
30
63
103
140
169
180
171
145
105
55
0
-55
-105
-145
-171
-180
-180
-181
-180
-176
-170
-161
-149
-136
-123

0
-50
-99
-136
-153
-146
-114
-63
-3
54
97
69
46
28
13
0
-13
-28
-46
-69
-97
-54
3
63
114
146
153
136
99
50
0
39
61
63
46
15
-25
-68
-105
-125
-123
-139
-152
-157
-153
-138
-114
-83
-50
-20
0
-13
-25
-36
-46
-57
-68
-80
-93
-107
-123
-108
-96
-83
-68
-49
-25
2
33
65
97
70
53
49
59
82
114
151
185
211
221
210
178
129
68
0
-68
-129
-178
-210
-221
-222
-224
-224
-221
-212
-199
-182
-162
-141

0
-48
-91
-121
-131
-117
-82
-30
27
81
117
94
70
47
23
0
-23
-47
-70
-94
-117
-81
-27
30
82
117
131
121
91
48
0
37
55
53
33
0
-41
-81
-113
-127
-117
-137
-149
-149
-138
-117
-89
-58
-29
-8
0
2
6
9
8
0
-15
-37
-63
-91
-117
-94
-70
-47
-23
0
23
47
70
94
117
97
86
85
96
117
146
177
206
227
235
224
190
138
72
0
-72
-138
-190
-224
-235
-237
-242
-245
-243
-235
-220
-198
-171
-143

0
-46
-85
-110
-114
-96
-59
-8
46
94
123
105
82
57
29
0
-29
-57
-82
-105
-123
-94
-46
8
59
96
114
110
85
46
0
36
52
47
25
-8
-46
-83
-108
-114
-97
-122
-133
-129
-114
-89
-59
-29
-6
5
0
18
40
59
68
64
46
16
-21
-61
-97
-65
-33
-2
25
49
68
83
96
108
123
109
103
104
114
131
153
177
199
215
221
210
178
129
68
0
-68
-129
-178
-210
-221
-224
-232
-240
-242
-236
-221
-196
-165
-130

0
-45
-81
-103
-104
-85
-49
-2
47
89
112
99
80
56
29
0
-29
-56
-80
-99
-112
-89
-47
2
49
85
104
103
81
45
0
36
50
44
22
-9
-44
-75
-93
-92
-67
-96
-107
-103
-85
-58
-28
-2
15
17
0
33
72
105
126
128
110
75
27
-23
-67
-29
9
44
72
91
102
105
106
106
112
104
101
103
110
121
136
152
166
176
180
171
145
105
55
0
-55
-105
-145
-171
-180
-185
-198
-211
-218
-217
-204
-180
-146
-107

0
-44
-80
-101
-103
-86
-53
-11
32
68
85
77
64
45
23
0
-23
-45
-64
-77
-85
-68
-32
11
53
86
103
101
80
44
0
35
49
43
22
-6
-37
-62
-73
-66
-35
-68
-80
-75
-56
-29
0
21
32
26
0
45
98
144
175
183
167
127
73
14
-35
7
49
84
108
119
119
111
98
87
85
81
80
81
85
91
99
107
114
119
121
115
98
71
37
0
-37
-71
-98
-115
-121
-128
-145
-165
-180
-185
-177
-155
-121
-79

0
-45
-81
-104
-109
-97
-70
-34
3
33
45
42
35
25
13
0
-13
-25
-35
-42
-45
-33
-3
34
70
97
109
104
81
45
0
35
49
43
24
-2
-29
-49
-56
-44
-10
-45
-58
-53
-34
-8
18
38
44
33
0
53
115
170
209
221
206
165
107
44
-10
35
77
109
127
129
118
97
73
53
45
45
44
45
46
48
50
52
54
55
56
53
45
33
17
0
-17
-33
-45
-53
-56
-65
-87
-113
-135
-148
-146
-129
-97
-56

0
-45
-85
-112
-123
-117
-97
-67
-35
-10
0
0
0
0
0
0
0
0
0
0
0
10
35
67
97
117
123
112
85
45
0
35
49
44
25
0
-25
-44
-49
-35
0
-35
-49
-44
-25
0
25
44
49
35
0
56
121
180
221
235
221
180
121
56
0
45
85
112
123
117
97
67
35
10
0
0
0
0
0
0
0
0
0
0
0
0
0
0
0
0
0
0
0
0
0
-10
-35
-67
-97
-117
-123
-112
-85
-45

10
-33
-68
-90
-95
-83
-58
-24
9
36
45
45
40
31
20
8
-5
-17
-26
-33
-35
-24
2
36
69
94
105
99
77
42
0
33
45
38
19
-5
-30
-47
-51
-36
0
-36
-51
-47
-30
-5
19
38
45
33
0
54
117
174
214
229
216
176
119
55
0
47
90
123
142
145
134
112
86
65
56
55
54
52
50
48
46
45
44
45
45
42
34
22
8
-5
-19
-31
-40
-45
-45
-55
-77
-103
-125
-137
-135
-117
-86
-45

35
-3
-32
-48
-49
-34
-8
24
56
79
85
86
80
68
50
29
6
-15
-32
-44
-49
-39
-15
15
46
70
82
80
64
35
0
26
32
22
2
-22
-44
-57
-56
-37
0
-37
-56
-57
-44
-22
2
22
32
26
0
47
104
158
197
213
202
167
114
54
0
48
96
137
165
178
177
164
145
128
121
119
114
107
99
91
85
81
80
81
85
75
57
32
5
-22
-47
-67
-80
-86
-85
-95
-114
-133
-146
-149
-138
-114
-80
-40

67
34
11
2
5
20
44
72
96
112
112
117
114
103
83
58
29
2
-21
-38
-44
-37
-18
4
28
47
57
56
45
25
0
16
14
-2
-25
-48
-65
-72
-64
-39
0
-39
-64
-72
-65
-48
-25
-2
14
16
0
37
86
133
170
187
180
152
106
52
0
50
102
149
185
207
215
211
198
186
180
176
166
152
136
121
110
103
101
104
112
95
65
28
-10
-48
-80
-103
-115
-118
-112
-125
-140
-152
-156
-149
-131
-103
-68
-31

97
71
56
53
59
74
93
112
126
131
123
135
138
131
114
89
59
28
0
-18
-25
-21
-12
0
13
23
29
29
23
13
0
3
-9
-33
-59
-81
-93
-91
-74
-42
0
-42
-74
-91
-93
-81
-59
-33
-9
3
0
24
62
102
135
154
153
133
96
49
0
51
106
157
199
228
242
243
235
225
221
215
199
177
153
131
114
104
103
109
123
97
57
10
-38
-81
-114
-134
-141
-136
-123
-139
-152
-157
-153
-138
-114
-83
-50
-20

117
99
93
95
104
117
130
139
142
135
117
137
149
149
138
117
89
58
29
8
0
0
0
0
0
0
0
0
0
0
0
-10
-35
-67
-97
-117
-123
-112
-85
-45
0
-45
-85
-112
-123
-117
-97
-67
-35
-10
0
10
35
67
97
117
123
112
85
45
0
51
107
160
204
235
251
254
249
240
235
227
206
177
146
117
96
85
86
97
117
83
34
-20
-74
-117
-146
-159
-155
-140
-117
-137
-149
-149
-138
-117
-89
-58
-29
-8

123
113
115
123
135
146
153
152
143
124
97
125
146
156
153
138
114
85
56
34
25
21
12
0
-13
-23
-29
-29
-23
-13
0
-24
-62
-102
-135
-154
-153
-133
-96
-49
0
-49
-96
-133
-153
-154
-135
-102
-62
-24
0
-3
9
33
59
81
93
91
74
42
0
51
106
157
199
228
242
243
235
225
221
211
185
151
114
82
59
49
53
70
97
56
0
-60
-114
-154
-174
-175
-158
-129
-97
-122
-133
-129
-114
-89
-59
-29
-6
5

112
109
118
133
149
159
161
152
132
103
67
103
133
152
157
149
129
103
75
53
44
37
18
-4
-28
-47
-57
-56
-45
-25
0
-37
-86
-133
-170
-187
-180
-152
-106
-52
0
-52
-106
-152
-180
-187
-170
-133
-86
-37
0
-16
-14
2
25
48
65
72
64
39
0
50
102
149
185
207
215
211
198
186
180
169
140
103
63
30
8
2
11
34
67
19
-41
-103
-154
-187
-196
-183
-151
-109
-67
-96
-107
-103
-85
-58
-28
-2
15
17

85
89
104
125
144
155
155
141
114
77
35
77
114
140
152
149
133
107
80
58
49
39
15
-15
-46
-70
-82
-80
-64
-35
0
-47
-104
-158
-197
-213
-202
-167
-114
-54
0
-54
-114
-167
-202
-213
-197
-158
-104
-47
0
-26
-32
-22
-2
22
44
57
56
37
0
48
96
137
165
178
177
164
145
128
121
109
80
42
3
-27
-46
-47
-32
-3
35
-16
-80
-141
-188
-213
-211
-184
-138
-85
-35
-68
-80
-75
-56
-29
0
21
32
26

45
54
75
102
125
140
140
125
96
55
10
55
95
125
139
137
122
96
68
45
35
24
-2
-36
-69
-94
-105
-99
-77
-42
0
-54
-117
-174
-214
-229
-216
-176
-119
-55
0
-55
-119
-176
-216
-229
-214
-174
-117
-54
0
-33
-45
-38
-19
5
30
47
51
36
0
47
90
123
142
145
134
112
86
65
56
45
16
-19
-54
-81
-94
-89
-68
-33
10
-45
-109
-169
-212
-229
-218
-181
-126
-64
-10
-45
-58
-53
-34
-8
18
38
44
33

0
10
35
67
97
117
123
112
85
45
0
45
85
112
123
117
97
67
35
10
0
-10
-35
-67
-97
-117
-123
-112
-85
-45
0
-56
-121
-180
-221
-235
-221
-180
-121
-56
0
-56
-121
-180
-221
-235
-221
-180
-121
-56
0
-35
-49
-44
-25
0
25
44
49
35
0
45
85
112
123
117
97
67
35
10
0
-10
-35
-67
-97
-117
-123
-112
-85
-45
0
-56
-121
-180
-221
-235
-221
-180
-121
-56
0
-35
-49
-44
-25
0
25
44
49
35

45
55
77
103
125
137
135
117
86
45
0
45
86
117
135
137
125
103
77
55
45
35
7
-28
-64
-91
-105
-101
-79
-44
0
-56
-121
-180
-221
-235
-221
-180
-121
-56
0
-55
-119
-176
-216
-229
-214
-174
-117
-54
0
-33
-45
-38
-19
5
30
47
51
36
0
46
88
120
136
137
124
101
75
54
45
33
5
-30
-64
-89
-100
-93
-70
-33
10
-44
-107
-165
-206
-221
-209
-170
-115
-53
0
-33
-46
-42
-24
0
24
42
46
33

85
95
114
133
146
149
138
114
80
40
0
40
80
114
138
149
146
133
114
95
85
77
49
10
-30
-63
-84
-88
-73
-42
0
-56
-121
-180
-221
-235
-221
-180
-121
-56
0
-54
-114
-167
-202
-213
-197
-158
-104
-47
0
-26
-32
-22
-2
22
44
57
56
37
0
47
89
123
143
149
141
124
104
89
85
70
39
2
-31
-57
-67
-61
-39
-5
35
-14
-73
-127
-167
-183
-175
-144
-98
-45
0
-28
-39
-35
-20
0
20
35
39
28

112
125
140
152
156
149
131
103
68
31
0
31
68
103
131
149
156
152
140
125
112
108
83
44
1
-37
-64
-75
-67
-41
0
-56
-121
-180
-221
-235
-221
-180
-121
-56
0
-52
-106
-152
-180
-187
-170
-133
-86
-37
0
-16
-14
2
25
48
65
72
64
39
0
46
88
121
141
149
145
133
119
110
112
93
61
26
-6
-27
-34
-26
-2
30
67
23
-27
-75
-110
-128
-126
-105
-72
-33
0
-20
-28
-26
-15
0
15
26
28
20

123
139
152
157
153
138
114
83
50
20
0
20
50
83
114
138
153
157
152
139
123
125
105
68
25
-15
-46
-63
-61
-39
0
-56
-121
-180
-221
-235
-221
-180
-121
-56
0
-49
-96
-133
-153
-154
-135
-102
-62
-24
0
-3
9
33
59
81
93
91
74
42
0
45
84
114
132
138
135
127
118
114
123
100
67
34
7
-7
-7
6
31
64
97
61
21
-16
-46
-64
-68
-59
-40
-18
0
-10
-15
-13
-7
0
7
13
15
10

117
137
149
149
138
117
89
58
29
8
0
8
29
58
89
117
138
149
149
137
117
127
113
81
41
0
-33
-53
-55
-37
0
-56
-121
-180
-221
-235
-221
-180
-121
-56
0
-45
-85
-112
-123
-117
-97
-67
-35
-10
0
10
35
67
97
117
123
112
85
45
0
43
78
102
115
117
113
105
99
102
117
89
57
27
7
0
7
27
57
89
117
91
63
37
15
0
-8
-9
-6
-2
0
0
0
0
0
0
0
0
0
0

97
122
133
129
114
89
59
29
6
-5
0
-5
6
29
59
89
114
129
133
122
97
114
108
83
46
8
-25
-47
-52
-36
0
-56
-121
-180
-221
-235
-221
-180
-121
-56
0
-42
-74
-91
-93
-81
-59
-33
-9
3
0
24
62
102
135
154
153
133
96
49
0
41
71
87
93
89
80
72
68
75
97
64
31
6
-7
-7
7
34
67
100
123
107
93
80
68
57
46
36
25
13
0
10
15
13
7
0
-7
-13
-15
-10

67
96
107
103
85
58
28
2
-15
-17
0
-17
-15
2
28
58
85
103
107
96
67
92
93
75
44
9
-22
-44
-50
-36
0
-56
-121
-180
-221
-235
-221
-180
-121
-56
0
-39
-64
-72
-65
-48
-25
-2
14
16
0
37
86
133
170
187
180
152
106
52
0
39
63
72
69
58
44
32
29
40
67
30
-2
-26
-34
-27
-6
26
61
93
112
106
105
105
105
101
91
75
53
27
0
20
28
26
15
0
-15
-26
-28
-20

35
68
80
75
56
29
0
-21
-32
-26
0
-26
-32
-21
0
29
56
75
80
68
35
66
73
62
37
6
-22
-43
-49
-35
0
-56
-121
-180
-221
-235
-221
-180
-121
-56
0
-37
-56
-57
-44
-22
2
22
32
26
0
47
104
158
197
213
202
167
114
54
0
37
56
58
47
29
9
-4
-8
3
35
-5
-39
-61
-67
-57
-31
2
39
70
85
87
98
111
123
126
119
101
73
38
0
28
39
35
20
0
-20
-35
-39
-28

10
45
58
53
34
8
-18
-38
-44
-33
0
-33
-44
-38
-18
8
34
53
58
45
10
44
56
49
29
2
-24
-43
-49
-35
0
-56
-121
-180
-221
-235
-221
-180
-121
-56
0
-36
-51
-47
-30
-5
19
38
45
33
0
54
117
174
214
229
216
176
119
55
0
36
51
48
31
8
-15
-33
-37
-24
10
-33
-70
-93
-100
-89
-64
-30
5
33
45
53
73
98
119
132
130
114
84
44
0
33
46
42
24
0
-24
-42
-46
-33

0
35
49
44
25
0
-25
-44
-49
-35
0
-35
-49
-44
-25
0
25
44
49
35
0
35
49
44
25
0
-25
-44
-49
-35
0
-56
-121
-180
-221
-235
-221
-180
-121
-56
0
-35
-49
-44
-25
0
25
44
49
35
0
56
121
180
221
235
221
180
121
56
0
35
49
44
25
0
-25
-44
-49
-35
0
-45
-85
-112
-123
-117
-97
-67
-35
-10
0
10
35
67
97
117
123
112
85
45
0
35
49
44
25
0
-25
-44
-49
-35

0
33
46
42
25
2
-20
-36
-39
-24
10
-24
-37
-32
-14
10
35
53
58
45
10
44
56
49
29
2
-24
-43
-49
-35
0
-55
-119
-176
-216
-229
-214
-174
-117
-54
0
-33
-45
-38
-19
5
30
47
51
36
0
55
119
176
215
227
211
169
109
45
-10
24
37
33
15
-8
-31
-48
-51
-36
0
-44
-79
-101
-105
-91
-64
-28
7
35
45
56
79
107
131
145
145
128
97
56
10
44
56
49
28
0
-28
-49
-56
-44

0
28
39
36
23
6
-8
-17
-15
1
35
3
-8
-4
12
35
59
76
80
68
35
66
73
62
37
6
-22
-43
-49
-35
0
-54
-114
-167
-202
-213
-197
-158
-104
-47
0
-26
-32
-22
-2
22
44
57
56
37
0
54
114
166
199
206
185
140
80
16
-35
-3
8
4
-9
-29
-47
-58
-56
-37
0
-42
-73
-88
-84
-63
-30
10
49
77
85
97
121
147
168
178
173
154
121
79
35
66
73
61
34
0
-34
-61
-73
-66

0
20
28
26
18
9
3
4
14
35
67
39
28
32
47
67
88
103
107
96
67
92
93
75
44
9
-22
-44
-50
-36
0
-52
-106
-152
-180
-187
-170
-133
-86
-37
0
-16
-14
2
25
48
65
72
64
39
0
52
107
152
177
177
151
103
42
-19
-67
-40
-29
-32
-44
-58
-69
-72
-63
-39
0
-41
-67
-75
-64
-37
1
44
83
108
112
128
154
180
199
207
201
180
147
107
67
92
94
75
41
0
-41
-75
-94
-92

0
9
12
10
7
8
13
25
43
68
97
74
65
68
80
97
114
126
129
120
97
114
108
83
46
8
-25
-47
-52
-36
0
-49
-96
-133
-153
-154
-135
-102
-62
-24
0
-3
9
33
59
81
93
91
74
42
0
50
99
136
153
146
114
63
3
-54
-97
-75
-68
-72
-80
-89
-93
-87
-71
-41
0
-39
-61
-63
-46
-15
25
68
105
125
123
145
173
201
221
228
221
199
168
131
97
116
111
86
46
0
-46
-86
-111
-116

0
-2
-6
-9
-8
0
15
37
63
91
117
99
93
95
104
117
130
139
142
135
117
127
113
81
41
0
-33
-53
-55
-37
0
-45
-85
-112
-123
-117
-97
-67
-35
-10
0
10
35
67
97
117
123
112
85
45
0
48
91
121
131
117
82
30
-27
-81
-117
-102
-99
-105
-113
-117
-115
-102
-78
-43
0
-37
-55
-53
-33
0
41
81
113
127
117
145
178
207
228
235
228
207
178
145
117
129
119
91
49
0
-49
-91
-119
-129

0
-14
-26
-32
-29
-15
7
38
71
101
123
111
106
108
114
123
132
138
140
135
123
125
105
68
25
-15
-46
-63
-61
-39
0
-42
-74
-91
-93
-81
-59
-33
-9
3
0
24
62
102
135
154
153
133
96
49
0
46
85
110
114
96
59
8
-46
-94
-123
-114
-118
-127
-135
-138
-132
-114
-84
-45
0
-36
-52
-47
-25
8
46
83
108
114
97
131
168
199
221
228
221
201
173
145
123
129
116
87
46
0
-46
-87
-116
-129

0
-26
-46
-56
-53
-37
-9
26
62
93
112
104
102
103
106
112
117
121
122
119
112
108
83
44
1
-37
-64
-75
-67
-41
0
-39
-64
-72
-65
-48
-25
-2
14
16
0
37
86
133
170
187
180
152
106
52
0
45
81
103
104
85
49
2
-47
-89
-112
-110
-119
-133
-145
-149
-141
-121
-88
-46
0
-36
-50
-44
-22
9
44
75
93
92
67
107
147
180
201
207
199
180
154
128
112
114
100
75
39
0
-39
-75
-100
-114

0
-36
-64
-79
-79
-63
-35
1
39
70
85
81
80
81
82
85
87
89
89
88
85
77
49
10
-30
-63
-84
-88
-73
-42
0
-37
-56
-57
-44
-22
2
22
32
26
0
47
104
158
197
213
202
167
114
54
0
44
80
101
103
86
53
11
-32
-68
-85
-89
-104
-124
-141
-149
-143
-123
-89
-47
0
-35
-49
-43
-22
6
37
62
73
66
35
79
121
154
173
178
168
147
121
97
85
84
73
54
28
0
-28
-54
-73
-84

0
-42
-77
-98
-103
-91
-65
-30
5
33
45
45
44
44
45
45
46
47
47
46
45
35
7
-28
-64
-91
-105
-101
-79
-44
0
-36
-51
-47
-30
-5
19
38
45
33
0
54
117
174
214
229
216
176
119
55
0
45
81
104
109
97
70
34
-3
-33
-45
-54
-75
-101
-124
-137
-136
-120
-88
-46
0
-35
-49
-43
-24
2
29
49
56
44
10
56
97
128
145
145
131
107
79
56
45
44
38
28
14
0
-14
-28
-38
-44

0
-45
-85
-112
-123
-117
-97
-67
-35
-10
0
0
0
0
0
0
0
0
0
0
0
-10
-35
-67
-97
-117
-123
-112
-85
-45
0
-35
-49
-44
-25
0
25
44
49
35
0
56
121
180
221
235
221
180
121
56
0
45
85
112
123
117
97
67
35
10
0
-10
-35
-67
-97
-117
-123
-112
-85
-45
0
-35
-49
-44
-25
0
25
44
49
35
0
45
85
112
123
117
97
67
35
10
0
0
0
0
0
0
0
0
0
0

0
-42
-75
-95
-99
-86
-59
-25
9
36
45
47
48
50
51
51
51
50
48
47
45
36
9
-25
-59
-86
-99
-95
-75
-42
0
-33
-45
-38
-19
5
30
47
51
36
0
56
121
180
222
237
224
185
128
65
10
53
87
106
107
91
61
23
-14
-44
-56
-64
-85
-108
-128
-137
-133
-112
-79
-36
10
-24
-39
-36
-20
2
25
42
46
33
0
45
86
118
136
140
129
109
85
64
56
54
47
37
24
10
-3
-16
-26
-33

0
-34
-57
-66
-61
-41
-11
23
56
79
85
90
96
102
106
107
106
102
96
90
85
79
56
23
-11
-41
-61
-66
-57
-34
0
-26
-32
-22
-2
22
44
57
56
37
0
56
121
181
224
242
232
198
145
87
35
73
98
105
93
63
21
-27
-73
-107
-121
-126
-138
-150
-155
-149
-129
-97
-56
-9
35
1
-15
-17
-8
6
23
36
39
28
0
40
80
115
141
155
158
151
138
126
121
117
104
86
62
35
9
-14
-32
-45

0
-22
-31
-28
-13
11
41
72
97
112
112
123
137
149
157
160
157
149
137
123
112
112
97
72
41
11
-13
-28
-31
-22
0
-16
-14
2
25
48
65
72
64
39
0
55
120
180
224
245
240
211
165
113
67
98
111
105
80
37
-16
-75
-127
-165
-180
-182
-185
-183
-171
-149
-115
-72
-23
25
67
35
14
4
3
9
18
26
28
20
0
31
67
103
134
159
175
183
184
181
180
174
158
133
102
67
33
2
-22
-38

0
-7
-2
14
38
65
93
115
129
133
123
142
165
185
199
204
199
185
165
142
123
133
129
115
93
65
38
14
-2
-7
0
-3
9
33
59
81
93
91
74
42
0
55
118
176
221
243
242
218
180
135
97
119
123
105
68
15
-46
-110
-167
-206
-221
-220
-214
-199
-174
-138
-93
-41
11
59
97
68
43
25
13
8
7
10
12
9
0
19
47
80
114
146
174
196
211
218
221
214
197
170
135
97
59
25
-2
-19

0
8
29
58
89
117
138
149
149
137
117
145
178
207
228
235
228
207
178
145
117
137
149
149
138
117
89
58
29
8
0
10
35
67
97
117
123
112
85
45
0
54
114
170
212
235
236
217
185
148
117
132
126
101
57
0
-64
-128
-183
-221
-235
-232
-219
-196
-162
-117
-65
-11
41
86
117
91
63
37
15
0
-8
-9
-6
-2
0
5
22
48
81
117
154
187
213
229
235
229
213
187
154
117
81
48
22
5

0
23
59
99
135
162
174
171
155
128
97
134
177
215
242
251
242
215
177
134
97
128
155
171
174
162
135
99
59
23
0
24
62
102
135
154
153
133
96
49
0
52
109
161
199
220
221
204
177
146
123
130
119
91
46
-8
-68
-126
-175
-209
-221
-216
-200
-173
-135
-89
-38
13
61
99
123
101
71
38
7
-15
-29
-32
-26
-14
0
-8
-5
10
38
74
114
154
188
212
221
216
202
180
153
123
93
65
44
30

0
36
85
133
173
196
199
183
150
108
67
112
164
211
243
254
243
211
164
112
67
108
150
183
199
196
173
133
85
36
0
37
86
133
170
187
180
152
106
52
0
50
103
149
182
198
196
180
155
129
112
114
101
75
36
-9
-59
-105
-144
-170
-180
-175
-159
-133
-99
-58
-14
28
66
95
112
93
62
26
-9
-37
-53
-56
-46
-26
0
-22
-32
-28
-10
20
60
103
141
169
180
176
167
152
133
112
91
72
57
47

0
47
104
159
200
219
214
185
138
85
35
86
145
198
235
249
235
198
145
86
35
85
138
185
214
219
200
159
104
47
0
47
104
158
197
213
202
167
114
54
0
49
96
136
162
171
165
146
121
97
85
84
73
53
25
-6
-40
-72
-98
-115
-121
-117
-104
-85
-59
-29
2
31
57
75
85
70
39
1
-35
-63
-79
-79
-64
-36
0
-34
-57
-65
-57
-34
0
41
80
109
121
119
114
106
96
85
74
64
56
51

0
54
117
175
216
232
220
182
126
64
10
65
128
186
225
240
225
186
128
65
10
64
126
182
220
232
216
175
117
54
0
54
117
174
214
229
216
176
119
55
0
47
90
123
141
143
130
107
79
56
45
44
38
27
13
-2
-18
-33
-45
-53
-56
-54
-47
-36
-23
-8
7
22
34
42
45
33
5
-30
-65
-91
-103
-98
-77
-42
0
-42
-75
-95
-97
-83
-56
-19
16
45
56
55
54
52
49
45
42
39
37
36
